1000 5
661.92 616.43 926.22 141.75 564.05
430.67 423.28 138.06 205.92 828.64
407.13 446.92 449.41 438.07 228.72
887.21 608.16 335.07 680.03 603.05
385.84 942.65 437.11 561.91 986.99
154.64 173.74 773.62 447.43 54.91
336.97 864.74 636.92 888.26 470.07
635.52 366.95 864.73 215.98 878.83
945.22 899.80 176.57 253.99 354.24
49.72 327.14 20.10 244.67 710.57
199.62 136.26 433.40 457.62 307.60
898.58 443.53 965.56 428.75 271.35
2.47 421.93 585.17 932.39 784.74
477.12 14.46 928.44 648.38 756.87
180.53 364.12 990.69 985.33 613.28
163.86 208.74 306.16 593.41 423.93
739.83 896.24 831.47 579.66 234.77
480.08 341.29 562.84 524.63 716.74
787.74 299.96 338.13 623.71 677.06
270.86 208.02 423.79 726.46 24.94
149.31 108.93 880.09 238.80 800.03
778.96 263.88 928.03 769.60 91.28
394.16 906.75 563.03 247.26 216.19
988.07 69.61 5.48 570.93 168.01
993.09 998.83 357.42 935.03 104.53
229.02 99.83 989.86 719.75 727.28
354.86 162.29 25.37 890.98 263.91
179.85 415.41 145.20 614.39 358.24
142.59 777.97 474.13 453.59 227.60
962.03 284.58 645.73 762.04 34.63
702.05 911.85 607.79 346.50 730.71
512.47 835.43 287.65 679.06 562.35
185.84 618.04 849.82 817.88 683.75
37.52 427.44 177.70 691.53 256.04
203.66 321.24 419.37 78.43 627.47
772.38 348.50 17.23 78.44 83.26
858.20 44.43 915.75 77.41 327.92
826.64 811.01 49.58 18.20 67.68
590.81 563.14 778.88 373.91 511.05
944.34 114.49 727.50 161.45 727.34
897.85 945.11 615.66 303.55 778.13
429.63 959.57 572.11 459.38 828.34
673.90 925.31 793.75 523.98 869.02
283.40 716.80 89.70 366.34 66.02
920.52 866.27 584.75 496.85 991.65
530.07 204.81 938.55 425.21 481.82
959.80 475.27 115.51 534.78 350.97
921.90 58.91 380.76 762.64 91.69
234.68 197.16 492.89 947.86 631.99
804.80 262.28 109.06 419.83 84.33
606.88 666.01 265.85 298.42 538.21
671.25 33.03 455.10 839.57 370.60
711.00 365.84 217.74 917.63 627.38
724.21 98.62 510.57 697.15 956.84
476.75 770.79 986.80 762.29 820.98
567.79 398.47 438.15 100.40 487.42
554.33 597.73 832.94 329.81 454.12
515.26 834.92 332.32 20.47 64.21
312.49 911.92 709.44 847.72 451.14
184.99 448.69 991.19 689.34 539.04
485.55 528.22 444.34 465.39 972.95
37.53 774.74 982.70 226.65 683.05
50.16 692.48 965.35 994.71 119.73
303.80 207.72 298.64 382.28 29.13
822.48 394.68 137.91 290.07 234.28
153.69 619.21 438.04 771.70 226.41
430.34 400.08 671.25 722.77 556.06
163.20 792.56 474.21 459.16 976.95
455.02 958.16 264.63 243.07 825.43
170.90 84.37 547.62 962.77 665.23
2.71 520.74 51.65 628.99 584.75
231.33 963.58 587.27 402.67 418.95
586.18 955.62 661.43 386.25 194.92
824.92 695.53 250.60 706.77 987.46
390.52 936.90 912.70 529.95 180.36
886.75 161.11 484.68 881.90 395.46
71.35 984.37 921.49 208.96 81.15
306.72 276.34 527.61 300.50 416.51
345.05 131.26 640.70 604.93 439.91
618.88 426.94 43.15 134.61 580.56
17.20 372.99 457.29 537.20 484.01
647.72 283.70 513.85 64.31 586.48
792.31 989.56 552.37 967.08 296.52
317.90 306.71 653.55 979.37 972.11
238.93 932.42 162.46 252.79 669.88
780.39 179.35 529.78 45.96 862.59
537.64 990.69 577.30 32.29 205.91
623.23 473.41 220.38 604.36 326.94
551.10 39.24 491.85 854.65 451.80
571.92 368.13 207.25 950.66 325.52
690.05 666.53 33.02 54.42 554.86
853.88 925.58 962.87 196.29 550.38
741.01 296.45 667.94 670.40 63.60
752.74 147.16 15.21 343.95 434.90
774.09 152.70 797.58 567.44 433.73
701.10 205.80 703.76 796.62 161.38
323.61 261.18 963.59 305.64 459.22
197.97 51.72 507.08 751.20 189.04
325.89 364.65 389.25 598.41 960.92
377.23 571.37 744.11 85.07 104.16
500.65 477.87 642.24 710.36 164.48
567.81 202.35 850.87 176.76 663.66
909.33 906.20 955.82 415.24 563.04
358.85 182.71 74.69 410.89 589.66
849.56 425.13 704.48 624.71 257.25
188.97 197.70 622.86 199.59 31.38
156.30 41.39 326.26 618.94 256.89
214.26 989.03 33.09 921.22 569.52
383.52 210.40 103.65 237.17 866.75
509.34 662.51 935.66 170.57 680.38
444.09 615.04 8.51 936.39 251.55
230.67 629.12 869.25 739.58 937.36
220.28 617.78 571.64 773.52 832.84
427.30 91.32 493.43 381.83 165.92
544.98 445.88 826.68 294.31 371.50
939.90 213.28 311.74 115.12 760.67
555.07 4.30 252.32 932.74 63.53
456.46 592.28 370.90 194.25 852.99
789.90 316.15 184.68 648.78 422.44
675.58 397.36 132.16 779.38 820.08
346.94 61.70 292.21 776.09 508.28
677.34 675.42 358.34 93.32 748.09
626.84 804.38 169.45 523.12 727.28
391.05 78.47 298.47 393.40 459.80
466.46 754.22 361.89 839.39 949.96
873.50 565.96 300.59 827.47 896.52
822.85 658.65 129.18 410.60 49.47
603.91 918.01 633.25 117.91 452.45
247.77 625.50 759.87 674.14 635.08
568.22 620.44 495.03 546.02 799.96
735.03 636.17 431.08 527.17 560.30
855.87 56.16 405.42 853.55 170.69
356.02 673.12 249.88 407.79 305.93
701.48 57.84 308.53 744.24 420.51
436.71 82.49 255.86 494.81 847.88
748.89 556.09 811.86 829.72 352.75
870.50 413.88 557.49 772.66 989.09
997.37 206.18 682.11 890.69 576.38
305.69 676.40 719.92 271.87 301.67
585.98 29.75 207.25 915.87 357.29
459.04 298.85 885.97 22.84 198.02
370.63 906.27 348.46 585.59 957.03
786.88 452.84 257.71 872.98 768.87
413.54 643.77 689.33 432.10 278.68
859.00 598.96 819.67 916.55 387.31
326.07 6.86 917.47 662.51 419.68
550.14 143.20 718.51 912.77 370.83
349.77 256.98 181.12 167.87 137.01
583.39 817.60 949.11 935.31 177.18
338.22 559.43 841.48 86.81 97.31
643.70 929.56 890.94 645.92 287.76
139.12 986.13 493.25 249.18 897.44
888.55 162.36 952.94 658.82 771.03
823.69 843.85 860.06 483.25 305.28
267.00 867.28 539.03 441.89 50.14
328.43 777.72 990.17 873.38 222.08
426.57 942.25 123.72 111.82 614.75
845.14 108.18 4.91 646.48 189.08
271.33 662.85 285.21 743.85 626.10
243.65 507.02 972.02 263.89 495.59
280.32 994.14 258.13 276.78 701.44
165.64 118.33 507.43 693.22 991.41
11.07 973.12 316.37 894.48 269.66
90.67 115.54 904.91 636.02 713.27
249.34 303.13 730.09 991.11 240.58
838.05 71.26 901.88 179.47 697.91
132.82 159.59 951.04 383.84 364.40
788.34 405.15 125.94 345.86 814.15
219.10 989.84 519.31 218.42 650.69
884.20 631.90 157.26 223.26 865.70
642.42 634.31 894.40 964.25 133.61
665.04 901.12 701.73 462.78 150.29
334.31 204.57 713.45 614.02 91.40
884.78 946.97 791.80 119.13 551.54
634.49 961.57 883.22 341.92 209.81
604.22 407.47 313.91 738.54 743.63
402.89 851.17 647.15 826.69 978.31
419.27 563.83 448.85 980.48 680.17
142.57 527.24 661.42 429.51 207.58
673.10 19.52 428.29 157.80 126.04
506.97 484.10 188.26 999.46 834.55
529.44 341.62 673.88 917.85 426.26
357.20 456.58 683.37 625.55 336.23
328.94 3.58 306.09 411.95 624.46
177.13 88.29 253.95 991.65 226.47
170.12 486.84 940.71 481.05 118.55
300.74 951.21 233.81 660.77 261.99
95.34 100.34 328.36 148.57 298.27
181.07 727.79 643.78 712.46 862.63
540.64 582.80 995.47 376.35 240.93
469.00 121.34 45.85 223.74 763.51
190.89 516.09 820.44 271.84 775.70
190.53 713.38 288.90 272.30 276.18
291.38 503.54 130.72 248.62 208.89
316.60 418.50 501.05 285.96 735.68
297.54 349.87 509.02 220.43 693.05
412.12 809.36 2.53 959.10 371.09
426.19 207.22 385.94 142.69 767.27
544.44 875.85 736.77 953.86 40.45
510.53 236.00 735.31 175.17 707.83
456.10 951.97 119.56 842.67 774.71
746.20 466.58 445.99 175.53 326.48
175.79 262.09 405.63 411.54 778.65
355.72 790.82 878.15 530.79 965.83
661.20 581.05 257.87 399.42 55.55
8.14 992.55 930.89 550.50 888.58
722.25 958.46 897.23 265.01 865.89
328.60 767.70 846.88 485.27 290.77
416.32 691.82 47.25 10.03 755.67
456.19 152.77 921.61 603.45 51.64
746.58 46.72 983.73 70.62 120.67
469.23 364.06 556.72 512.79 592.36
717.14 169.49 0.64 837.77 819.33
638.72 2.52 703.96 854.15 272.73
283.34 373.48 283.42 768.02 313.71
180.84 415.82 544.52 899.65 98.52
630.01 899.91 15.90 322.65 353.88
223.60 552.73 127.35 632.74 356.14
614.04 131.92 874.61 930.95 353.63
349.58 725.09 270.38 184.20 372.51
74.64 497.13 955.78 768.01 731.51
7.58 39.00 177.89 434.84 25.44
78.19 288.53 929.29 345.35 557.58
471.64 759.78 821.82 903.99 873.45
168.05 853.38 989.68 347.75 677.58
804.01 841.11 192.81 562.85 509.50
169.82 481.95 21.92 489.51 194.35
165.10 300.48 888.35 176.25 934.31
114.05 36.07 244.17 330.72 673.46
698.04 369.04 633.50 197.79 27.16
644.73 964.82 844.27 594.05 432.76
543.05 20.05 872.94 576.08 623.62
294.15 399.54 55.24 199.37 952.63
73.90 707.83 45.29 338.03 326.62
423.39 23.27 46.25 901.89 714.59
58.13 3.47 347.42 303.88 622.29
60.12 561.78 503.61 670.72 266.76
660.16 164.73 532.03 451.51 473.10
678.17 839.36 422.98 821.50 303.12
209.91 118.31 305.17 653.99 172.48
952.16 469.03 121.32 918.34 664.32
914.27 49.01 456.52 231.66 947.87
174.57 548.45 630.09 261.47 267.33
291.62 901.75 316.56 706.67 546.49
837.84 708.20 627.24 618.22 283.95
967.95 563.81 824.91 527.44 940.70
307.65 728.64 366.00 65.51 539.51
886.32 722.71 68.37 742.14 330.54
803.54 9.48 36.68 835.44 677.60
215.48 945.33 100.97 282.83 743.01
775.95 138.19 232.80 83.10 962.05
239.64 563.97 685.66 961.35 168.81
863.10 272.76 603.89 215.21 559.07
839.55 571.90 807.28 677.80 101.92
78.66 545.54 887.33 301.20 910.98
915.05 623.84 467.84 487.17 900.62
435.44 322.70 453.51 359.30 961.96
182.32 104.70 209.44 329.61 722.11
258.09 920.34 525.16 160.20 852.11
101.31 651.04 280.70 184.11 695.26
570.57 954.61 406.98 355.96 761.41
657.11 766.33 742.37 492.75 86.97
840.07 16.45 431.93 594.61 917.38
134.85 464.21 252.12 495.04 479.58
727.26 196.42 358.68 362.84 846.74
260.88 969.61 84.52 275.19 339.15
145.33 663.76 811.36 133.49 264.76
267.72 655.90 472.17 301.85 883.93
621.45 73.58 957.22 551.71 599.89
702.17 275.23 59.95 32.10 904.41
628.43 666.66 384.22 680.28 181.13
8.35 230.66 260.41 452.47 787.28
377.40 210.92 347.52 964.21 192.88
928.25 407.69 565.75 590.48 687.16
253.05 813.81 555.82 26.65 448.10
340.13 71.35 601.52 28.05 293.22
702.63 200.26 634.97 789.76 556.71
356.26 443.08 383.17 745.85 976.18
377.59 533.16 470.98 446.17 711.52
193.52 624.98 378.23 764.46 548.31
326.01 724.51 644.23 946.54 619.22
191.72 355.04 462.70 649.91 159.57
57.02 48.08 516.67 741.23 676.30
450.67 680.75 91.26 119.73 386.98
10.16 946.31 223.54 703.90 636.58
717.49 136.71 57.21 505.16 322.68
674.21 462.32 568.57 414.62 929.51
782.92 539.20 409.01 253.18 716.87
429.74 398.71 644.08 443.88 815.05
167.10 504.43 589.48 792.38 519.44
520.17 253.31 184.15 761.32 19.29
718.76 37.88 516.89 231.53 525.82
97.23 273.11 934.41 303.65 6.30
809.38 984.77 461.76 780.70 369.09
600.97 70.30 481.80 574.02 701.45
391.64 964.34 194.77 867.82 142.95
591.20 393.89 444.63 443.90 947.02
128.91 685.00 960.02 279.89 153.78
766.43 762.44 572.95 117.27 850.02
629.98 26.06 98.34 70.24 767.01
482.18 394.97 202.80 823.19 47.15
425.04 58.03 374.09 356.23 219.39
73.69 110.46 913.93 342.51 710.75
284.36 389.41 607.81 841.08 355.17
74.73 194.96 462.95 356.76 993.05
961.62 750.01 825.94 126.00 701.43
595.39 953.40 47.98 442.46 861.28
504.58 22.80 79.24 852.77 878.58
903.37 396.28 272.48 645.13 524.56
333.56 929.47 194.53 194.30 954.96
665.99 588.44 187.56 225.04 174.90
444.38 486.73 123.20 836.21 394.26
347.04 317.84 155.30 927.75 646.87
35.94 21.28 283.12 334.42 581.58
68.21 298.90 629.83 25.99 252.65
230.33 707.38 955.78 183.91 63.82
271.81 169.38 644.22 499.46 140.44
819.21 567.64 149.37 369.73 152.83
745.40 318.22 114.64 453.25 919.37
811.35 521.30 561.20 140.01 639.08
868.33 785.64 870.51 859.13 196.04
688.22 226.58 633.72 667.66 85.22
638.76 481.32 739.16 317.89 839.95
286.25 791.94 85.10 338.50 227.75
370.57 502.85 694.71 416.72 995.93
746.33 674.77 149.35 126.40 935.67
447.34 486.24 458.00 219.97 110.42
721.89 741.79 463.50 491.33 639.29
954.27 24.72 844.59 699.38 236.56
440.90 537.36 236.51 775.41 922.46
453.64 949.50 667.70 229.90 371.96
515.23 50.40 485.63 955.35 708.60
581.05 395.28 483.44 416.82 279.06
714.14 622.44 488.35 874.99 743.81
426.80 878.01 900.32 645.85 420.85
792.02 23.76 387.81 118.57 158.91
591.36 910.82 829.92 88.77 157.66
211.78 257.11 643.43 563.35 714.10
94.93 345.42 222.90 253.17 657.24
362.45 164.32 260.94 269.25 70.27
376.45 896.58 919.32 950.29 419.72
809.70 864.00 671.57 706.28 588.30
555.32 977.55 200.82 580.79 60.20
966.32 998.48 921.04 718.48 651.16
954.05 187.18 516.19 770.25 587.93
356.41 642.50 859.45 918.19 9.44
131.91 710.75 884.62 184.34 813.82
79.44 310.17 450.02 916.31 685.37
186.42 788.45 907.79 808.03 526.59
909.11 608.96 252.27 838.61 231.43
455.05 231.72 241.66 100.22 622.89
305.64 582.60 546.77 881.55 861.94
474.23 972.23 940.73 971.92 217.51
865.48 367.46 35.29 783.08 969.51
543.54 702.49 348.95 201.94 365.89
195.56 976.28 208.38 791.94 888.73
176.18 518.98 56.91 301.64 4.40
676.35 770.50 709.80 255.25 927.74
103.15 686.71 603.31 701.21 130.90
196.15 804.77 473.57 955.86 246.24
210.13 431.13 448.94 966.08 590.98
855.36 309.91 773.82 112.33 135.64
970.66 196.85 642.29 430.43 907.87
964.41 396.51 943.46 499.87 659.47
476.91 878.75 707.79 985.65 597.58
561.58 495.02 972.41 939.39 892.26
832.12 985.36 894.36 191.04 459.87
245.04 655.16 534.60 772.04 645.96
241.57 715.69 543.00 922.15 558.24
29.26 685.77 388.90 688.69 40.24
338.85 229.86 53.71 411.11 307.54
813.79 194.69 559.86 394.30 193.47
94.50 903.83 752.29 376.42 589.01
807.81 578.17 874.56 817.40 545.51
162.55 308.79 979.36 905.88 428.09
275.24 432.80 194.22 966.93 752.33
914.76 728.10 506.13 290.75 779.79
286.76 18.49 917.60 976.09 747.17
686.47 58.93 661.29 276.87 262.57
637.64 948.07 539.97 4.82 191.67
501.66 310.20 884.89 617.50 475.85
398.25 719.37 707.03 88.89 116.78
123.96 576.69 568.57 920.59 415.80
480.11 258.19 564.40 19.51 72.58
521.69 752.19 208.14 345.06 692.64
169.94 367.90 290.26 324.56 111.79
276.76 610.03 217.21 733.57 528.76
228.67 368.28 733.32 277.55 108.47
54.56 533.16 650.24 845.76 120.96
914.82 39.64 66.27 295.56 254.72
11.33 134.43 157.66 901.89 689.55
112.84 854.72 571.38 869.29 540.91
614.01 144.03 878.94 376.26 72.54
884.13 323.38 518.23 156.11 969.85
963.51 918.23 467.17 603.82 136.39
241.44 794.12 506.86 868.45 932.14
223.23 694.74 740.03 538.62 132.28
680.49 436.42 462.63 688.14 191.93
413.20 146.21 86.33 66.99 991.22
94.63 178.01 391.81 61.18 863.13
577.56 435.30 916.61 430.97 300.25
756.61 597.11 165.32 391.48 145.77
42.69 151.81 295.88 993.93 358.46
178.47 100.87 663.07 820.33 396.72
507.32 21.71 254.72 300.42 696.20
740.20 917.33 679.06 914.56 448.92
997.33 523.38 952.56 736.19 152.77
364.42 651.08 646.38 545.61 57.75
669.72 201.97 794.47 597.61 313.94
204.43 55.83 570.27 36.60 223.39
186.83 334.60 920.59 622.73 358.15
372.79 280.22 83.85 392.39 973.82
917.11 332.80 11.15 683.09 146.31
800.34 333.04 244.58 515.24 936.25
96.52 387.97 275.86 208.39 365.69
612.06 954.86 939.38 314.36 308.38
860.72 54.80 753.87 699.16 813.22
14.30 711.13 146.50 163.90 890.17
639.88 308.44 398.36 824.93 318.14
112.85 171.10 506.75 238.69 924.37
593.96 420.84 724.11 791.04 689.97
547.00 699.44 24.46 469.49 337.41
948.75 114.74 553.20 733.62 320.64
343.80 707.93 644.74 97.69 626.33
536.99 634.22 785.16 933.51 368.38
838.59 233.50 351.38 278.04 801.59
665.94 740.56 655.78 6.13 574.12
55.37 732.49 580.48 464.58 787.75
456.88 124.91 204.99 97.20 562.32
653.87 458.84 165.62 702.63 632.99
169.85 608.84 70.33 156.96 578.33
925.79 238.86 157.76 542.61 693.24
943.67 848.34 814.94 112.76 58.62
359.29 143.12 571.97 324.71 542.29
618.43 640.07 409.21 772.53 695.78
263.81 541.44 477.20 904.60 982.44
845.14 512.22 314.66 818.23 527.58
550.22 460.38 951.36 389.03 850.56
519.94 315.86 99.64 86.53 241.06
635.31 752.21 108.31 516.07 935.32
83.95 673.04 750.33 195.21 801.80
661.31 569.89 60.82 471.85 309.03
972.17 497.74 997.65 983.97 858.67
813.17 345.29 199.31 996.83 619.26
616.50 275.12 665.25 695.84 524.52
918.49 792.30 918.71 293.88 544.86
217.65 770.97 992.87 242.72 812.18
761.83 920.15 877.40 858.04 784.45
379.11 111.04 981.52 994.58 750.07
709.74 888.11 759.99 117.23 177.24
406.59 883.05 39.29 839.21 262.54
425.27 274.21 710.64 963.57 75.92
163.77 346.63 135.98 766.85 280.22
669.14 353.46 315.84 335.49 104.51
18.46 560.28 290.80 606.73 308.57
241.39 792.64 751.07 721.45 566.89
259.37 717.90 346.10 729.08 536.61
681.02 14.75 832.41 485.31 167.59
109.58 325.19 319.38 490.40 673.53
938.36 643.29 197.03 5.35 100.19
756.43 819.06 813.69 351.61 440.14
190.36 25.91 16.91 906.52 871.24
596.19 421.86 148.87 4.92 146.57
984.01 448.26 524.75 413.82 425.71
804.60 556.74 146.48 55.13 752.13
492.27 564.51 783.53 311.85 374.84
242.51 314.32 281.41 640.21 123.65
218.16 731.74 989.18 986.49 133.28
479.48 38.57 21.65 613.76 120.19
878.80 428.27 856.89 465.21 126.51
719.15 746.51 815.07 487.68 450.52
311.61 611.54 118.42 650.07 266.23
116.55 661.03 240.18 663.05 272.81
879.31 240.26 71.59 728.05 590.18
249.06 912.10 349.85 463.41 130.45
153.03 422.69 699.78 932.49 202.31
20.48 234.04 127.35 771.98 365.51
325.81 787.45 188.57 139.46 191.53
568.08 343.69 895.97 640.82 106.06
712.57 205.54 61.37 872.46 358.71
265.55 831.53 418.48 440.86 694.12
602.22 651.37 391.74 851.66 584.12
407.03 896.00 91.62 642.97 125.41
387.99 845.76 549.12 853.33 254.74
362.53 700.50 820.31 618.92 177.46
812.69 68.18 189.88 74.47 164.70
189.93 686.10 319.07 281.44 739.93
269.11 198.52 403.64 301.07 381.95
691.50 396.41 188.33 92.45 11.12
987.44 481.76 322.78 543.39 844.13
786.17 548.51 73.43 227.83 816.66
753.81 915.66 609.68 384.50 51.06
359.88 789.64 255.18 815.15 147.19
885.74 421.06 382.43 559.16 596.65
408.35 396.81 71.77 108.49 119.72
64.25 284.67 265.31 498.30 61.87
980.18 786.13 700.95 275.18 132.29
969.63 734.89 180.68 313.61 61.30
175.36 567.86 216.64 444.18 361.41
781.32 763.67 367.48 402.21 157.41
586.23 700.60 213.69 100.45 83.95
371.43 718.64 24.00 342.03 897.99
203.35 953.92 571.26 616.88 900.87
745.13 624.70 248.73 799.22 981.68
579.44 331.96 511.28 774.55 97.79
754.12 412.73 772.72 784.36 346.85
285.63 12.41 828.53 220.05 721.78
258.96 72.46 234.01 502.76 864.97
497.81 981.30 347.67 397.50 893.84
96.80 167.95 217.06 912.00 89.17
229.32 167.74 964.83 109.32 848.44
839.13 217.12 857.81 355.89 269.53
917.62 849.77 296.94 910.62 612.62
707.60 99.14 956.15 522.37 316.45
803.00 110.85 529.73 80.01 906.79
735.31 905.65 717.63 644.63 887.39
514.87 384.26 545.60 521.47 780.61
968.66 801.77 747.03 380.20 0.03
113.55 596.08 308.45 612.65 28.53
517.27 576.46 527.42 720.30 89.16
482.82 470.11 52.76 122.58 141.50
623.25 7.56 703.28 928.15 97.51
808.30 766.93 212.22 846.27 145.01
246.79 910.42 60.11 376.94 951.73
254.18 831.41 875.17 210.72 792.65
599.33 307.62 688.91 400.65 308.71
786.00 1.66 731.79 103.73 623.70
91.16 171.42 552.06 377.43 396.46
625.63 988.37 45.38 748.58 459.55
380.00 491.39 224.00 404.33 372.83
518.90 894.06 8.62 759.48 247.10
692.87 332.14 244.51 349.73 525.65
101.89 417.06 628.46 371.84 894.14
945.33 341.37 791.89 375.00 334.83
551.23 694.73 313.05 45.94 602.42
478.72 248.86 711.26 507.08 974.99
880.90 166.30 742.05 802.98 734.34
638.42 775.74 468.48 757.15 353.14
2.73 917.31 671.68 34.20 646.40
629.66 827.45 578.59 550.99 316.96
208.67 447.11 147.91 84.35 533.63
699.40 991.70 251.34 590.56 550.72
381.01 183.99 50.04 811.87 822.72
815.35 901.43 308.24 74.67 186.41
924.48 815.11 242.97 906.53 282.73
530.77 590.19 37.89 188.28 261.73
58.97 236.19 325.28 630.53 31.56
336.46 17.49 427.59 960.22 880.55
689.03 646.87 512.27 793.13 282.07
174.56 589.93 635.69 343.89 992.78
342.95 813.31 423.10 501.48 199.30
391.13 718.69 940.09 448.96 702.25
932.99 917.37 661.92 398.27 345.84
576.83 408.26 712.63 524.35 122.37
743.23 705.15 273.13 133.18 443.19
791.90 141.16 577.37 459.96 280.39
626.32 155.90 231.71 952.74 941.60
538.52 588.22 424.50 865.87 148.08
594.14 486.66 77.23 277.79 475.28
871.04 363.74 811.12 159.32 513.45
248.48 76.18 899.38 889.41 190.72
142.61 197.91 603.90 108.07 542.81
217.35 64.06 24.76 487.86 619.88
400.72 529.03 477.11 577.45 504.40
995.39 969.16 466.23 675.03 699.00
988.52 840.51 964.99 87.36 833.00
208.76 840.35 506.26 448.01 578.42
584.91 181.22 68.79 104.70 75.46
633.86 532.98 870.67 793.27 984.87
95.99 355.09 901.36 161.44 876.57
24.63 61.27 969.74 490.71 129.17
833.53 185.39 186.00 253.64 858.57
745.49 284.82 41.20 600.06 643.23
588.53 796.66 181.56 691.09 197.71
733.00 722.92 240.48 341.96 612.00
165.93 894.07 941.84 489.82 440.80
966.76 366.04 553.64 643.31 149.94
422.66 473.31 121.52 695.90 502.49
207.66 600.42 672.36 719.62 758.92
997.03 224.69 505.57 772.58 997.42
480.57 354.50 198.67 897.54 553.01
189.91 922.09 817.93 9.23 492.52
940.62 733.92 157.81 39.16 493.43
936.20 355.94 304.04 54.27 923.83
587.13 60.74 146.86 9.26 253.32
288.30 694.53 551.42 2.11 636.98
769.83 266.46 667.31 641.40 248.34
510.51 355.87 110.46 461.33 422.34
321.45 131.04 189.58 48.68 669.07
160.01 855.44 270.82 370.20 314.12
937.99 918.21 963.43 18.24 496.87
68.17 709.33 246.94 750.73 600.10
273.29 677.36 70.67 809.51 132.42
737.83 798.14 259.51 164.84 213.82
360.85 585.30 933.81 234.09 894.19
698.65 285.54 379.28 221.72 256.35
313.62 349.13 410.55 405.07 268.84
258.17 903.18 40.29 978.62 734.03
35.28 550.20 99.53 318.37 181.73
96.91 26.81 110.23 202.43 799.81
778.36 748.01 468.25 793.85 408.90
765.15 34.48 887.01 543.31 949.37
486.86 846.88 509.27 651.22 298.94
586.66 172.40 557.10 365.39 662.26
58.66 869.38 549.30 997.83 808.15
945.55 645.16 547.54 452.23 87.98
316.03 911.66 404.94 869.77 27.15
565.77 665.23 922.54 595.26 290.61
139.97 775.95 225.66 459.97 863.11
805.41 715.96 188.25 125.52 442.82
817.54 435.30 933.50 859.55 72.70
13.61 252.76 677.68 783.96 839.11
456.57 864.40 823.47 55.53 183.46
425.70 100.21 737.62 970.84 590.91
44.83 91.13 517.25 742.76 917.55
424.57 909.71 88.38 919.57 852.95
579.82 479.43 283.14 42.81 832.65
559.95 893.40 669.93 583.52 968.48
24.89 883.38 737.20 96.27 44.57
920.30 979.70 742.77 203.67 501.77
670.75 141.23 418.28 593.08 719.86
908.15 691.82 6.99 210.33 778.20
814.97 959.22 681.09 806.60 737.15
390.60 541.10 827.39 506.55 255.38
391.12 853.20 965.18 140.11 467.16
941.87 715.94 768.97 469.74 30.31
863.25 423.78 969.54 929.03 351.09
13.62 248.37 472.79 119.44 447.20
243.43 92.30 843.28 793.72 35.41
577.93 208.83 35.01 11.98 348.95
358.91 31.10 202.07 107.72 584.44
528.88 548.70 250.72 847.68 874.44
371.49 778.38 610.55 635.54 956.23
629.36 884.07 309.25 579.31 408.82
655.06 589.55 229.83 472.31 2.19
121.92 752.52 636.44 775.67 896.94
730.84 320.02 870.65 272.47 880.96
27.75 778.87 466.76 432.52 615.81
168.54 643.09 985.93 687.73 421.83
853.33 184.30 112.09 590.83 413.50
267.74 348.65 304.14 774.47 733.85
709.25 897.20 891.79 677.06 414.91
891.34 780.90 790.23 742.19 468.46
149.83 314.44 852.78 632.91 575.74
777.40 283.51 34.77 714.99 874.24
61.55 177.87 620.79 163.85 824.12
876.86 613.76 660.08 612.22 227.15
764.48 785.52 308.36 811.99 428.69
697.04 492.15 339.82 148.90 851.94
431.89 334.61 311.27 422.01 699.42
634.08 427.06 360.72 588.45 621.77
824.48 883.95 899.44 714.22 677.45
799.47 532.98 86.99 545.38 169.25
325.64 673.73 523.17 721.74 785.94
269.79 619.63 69.59 813.98 854.77
208.23 960.71 130.23 640.17 598.95
269.69 589.17 627.23 191.24 502.84
806.35 550.77 793.68 373.42 178.49
295.67 462.54 361.75 828.96 42.71
317.21 738.19 826.67 388.88 343.89
632.03 535.85 856.63 253.54 987.46
730.34 153.55 907.32 147.76 784.43
897.82 662.07 342.45 884.07 93.49
165.17 412.92 471.09 784.90 131.49
244.23 912.20 361.30 743.95 374.77
605.65 362.55 818.45 992.35 334.83
340.81 247.12 352.91 695.03 707.89
868.25 820.61 876.49 277.93 958.87
550.74 397.14 296.27 591.06 733.19
631.15 977.16 23.94 377.85 814.33
149.21 492.45 421.88 610.77 312.65
404.70 685.16 102.39 280.96 712.12
871.62 738.64 794.30 772.81 543.43
686.40 905.04 476.03 937.87 384.79
397.72 847.12 8.52 352.10 740.07
681.92 41.87 790.53 780.85 192.99
17.46 563.02 519.33 575.62 278.16
50.58 635.07 132.98 960.58 606.32
39.01 617.00 272.39 532.08 108.20
224.08 927.19 613.21 236.23 240.94
303.44 140.94 24.92 656.79 140.62
827.75 633.52 895.26 577.74 901.76
91.08 966.50 424.74 886.87 491.57
727.01 598.78 365.01 436.50 346.25
622.81 737.81 782.96 474.97 27.42
51.30 846.35 12.49 913.85 398.76
354.39 524.91 528.09 255.65 425.10
233.37 58.17 318.89 690.37 713.36
804.60 974.99 160.81 532.50 716.33
29.61 43.53 454.42 580.47 554.26
553.40 225.60 85.31 221.46 228.26
624.43 314.06 527.20 274.54 405.08
50.07 71.23 198.19 754.21 630.01
766.27 43.27 165.30 860.15 788.12
846.97 109.49 273.81 962.11 951.06
444.51 813.89 427.12 970.56 371.24
435.57 942.23 540.63 242.35 320.52
378.89 899.35 280.77 170.34 102.46
704.00 473.81 91.87 610.09 991.39
334.07 302.54 334.83 810.05 7.99
630.77 361.99 87.77 677.07 549.01
321.50 593.18 825.50 437.36 607.37
974.81 235.77 374.06 539.73 696.78
896.85 614.33 150.52 716.07 791.13
181.68 276.15 513.89 260.03 825.74
798.45 597.51 199.81 731.36 78.79
918.35 877.40 564.72 256.68 145.54
193.53 643.67 266.70 324.06 758.94
475.65 822.79 473.98 520.23 568.02
500.71 754.13 781.15 922.40 822.57
164.91 480.87 702.70 759.57 984.64
511.80 825.72 527.50 529.71 89.08
466.36 207.09 37.53 355.48 758.29
909.71 255.20 350.31 309.29 816.46
838.61 350.53 438.92 916.40 994.37
343.34 76.53 757.04 270.12 918.93
705.82 79.28 798.99 158.38 75.51
664.82 622.53 656.98 869.68 902.59
919.06 263.49 966.11 813.37 786.56
794.85 667.20 958.63 894.97 358.74
14.72 428.46 678.21 921.18 63.50
14.09 797.05 689.86 786.59 622.41
732.43 566.56 53.23 918.20 158.17
240.65 364.19 858.13 951.25 256.12
732.72 274.41 918.93 364.51 745.20
996.16 961.83 766.33 996.61 123.93
297.81 939.83 424.00 758.06 539.20
241.09 647.02 197.18 276.91 212.26
811.47 991.21 808.30 463.25 210.46
545.20 439.47 991.16 298.73 304.32
885.79 657.93 490.43 882.26 528.93
517.90 595.37 332.14 487.17 261.44
560.96 737.10 123.97 820.42 533.10
249.42 29.34 545.41 989.21 749.80
686.68 501.29 168.26 850.62 679.04
290.92 483.56 365.89 929.21 483.04
700.50 934.18 833.19 950.13 398.69
897.47 908.72 122.67 674.79 732.98
146.68 438.90 173.59 44.35 343.42
514.66 423.15 57.28 544.34 230.36
892.64 499.84 139.89 155.22 796.88
549.28 282.74 671.49 829.04 413.93
501.98 402.50 298.23 665.55 81.49
979.55 577.72 256.75 499.89 592.72
19.06 653.35 648.96 796.51 488.76
867.38 104.47 570.32 813.68 920.80
12.77 359.25 635.28 727.22 26.02
65.37 921.85 472.64 588.67 649.75
434.25 387.16 179.79 705.10 176.61
182.52 745.37 370.88 537.39 500.95
78.59 485.39 663.58 746.55 290.77
537.30 869.73 773.00 362.45 212.98
410.11 594.98 900.25 461.42 810.79
101.64 203.16 314.79 534.49 340.29
239.08 193.04 365.70 237.63 617.79
635.50 121.14 750.59 657.50 168.22
229.57 986.59 820.86 178.52 381.46
382.79 625.89 413.32 442.74 561.26
860.53 527.64 655.29 38.08 264.62
651.59 300.83 500.21 910.53 836.72
341.78 246.71 316.66 64.48 921.65
834.08 182.08 584.12 48.75 342.10
498.85 657.97 124.36 356.68 165.73
5.12 223.27 702.33 509.06 697.39
547.56 883.34 543.08 986.88 875.57
264.96 931.02 835.90 773.05 239.26
997.66 314.91 920.80 340.51 313.86
70.06 322.64 889.66 98.22 283.44
236.90 817.34 846.44 908.17 643.47
530.27 104.43 820.51 208.37 533.42
107.25 609.64 431.69 35.62 116.48
378.93 249.47 685.77 861.94 689.28
981.10 81.42 368.67 510.24 192.94
495.42 569.05 393.10 516.45 942.73
987.45 908.93 48.52 423.96 992.84
560.03 60.23 961.05 292.13 114.65
969.01 261.10 930.56 723.23 34.61
917.84 83.54 641.87 830.28 801.36
365.10 423.01 155.46 335.67 783.02
408.57 504.63 494.34 843.46 74.06
483.88 874.53 107.32 742.69 54.29
99.46 80.22 817.37 860.05 715.01
453.58 961.88 606.47 57.23 574.26
50.54 209.43 228.48 10.19 490.91
846.46 783.78 106.91 500.95 600.64
733.24 551.10 992.26 661.35 961.19
854.44 307.88 224.40 370.98 291.84
863.98 386.04 555.14 364.27 769.44
952.77 435.30 875.53 394.78 887.83
949.37 310.91 659.49 763.71 993.02
412.23 750.84 488.44 972.07 849.66
417.24 442.22 476.71 590.48 729.39
876.16 806.04 66.06 58.07 561.67
824.19 686.75 200.33 741.95 596.13
242.06 307.24 215.91 768.55 767.53
892.53 47.00 760.20 462.61 838.00
672.35 967.11 28.98 519.90 848.85
525.25 316.93 135.50 87.83 389.80
117.11 354.59 657.57 229.57 749.18
890.85 76.12 258.66 502.72 581.09
56.61 506.30 105.08 732.94 120.00
267.27 70.88 617.72 825.35 231.06
484.10 891.44 906.34 581.35 737.85
755.36 616.32 349.65 937.49 731.04
577.18 859.34 809.81 859.59 104.59
538.33 931.60 902.50 269.34 935.01
771.85 634.49 595.79 921.78 791.64
361.93 746.42 534.74 400.87 557.87
818.22 408.19 169.71 420.96 834.73
144.34 957.34 634.56 439.49 150.35
103.69 199.50 567.51 852.32 615.28
657.20 466.28 672.29 962.05 605.41
270.69 253.99 239.38 602.74 88.28
577.36 272.35 424.32 248.73 849.41
933.26 214.17 499.00 782.71 798.05
236.99 616.03 715.79 473.44 236.49
891.18 543.29 709.72 465.07 838.68
899.43 795.12 753.05 558.77 576.66
310.88 414.31 201.67 526.49 337.99
511.62 815.11 473.57 933.97 75.64
96.67 641.83 307.51 328.24 376.40
721.24 95.33 731.28 753.59 696.72
501.85 378.31 391.64 550.40 114.54
571.98 934.22 860.01 941.80 326.31
118.43 80.77 729.00 600.15 345.78
294.89 924.59 539.89 878.81 723.57
732.14 991.65 530.48 898.91 436.89
349.13 646.53 365.14 454.25 302.26
36.49 690.75 476.35 594.53 100.08
6.77 655.10 129.11 249.19 145.06
177.06 338.98 841.88 540.77 995.91
424.97 355.04 488.97 501.44 930.77
726.47 733.31 778.76 434.92 173.15
581.55 857.62 936.95 363.40 806.89
38.33 642.07 558.46 575.09 57.66
817.27 887.89 807.08 101.28 182.34
745.94 238.99 695.83 238.09 551.56
946.82 459.63 734.20 237.50 184.00
133.47 109.43 964.11 946.14 404.51
91.16 419.46 964.76 368.79 436.36
203.56 290.56 199.32 884.39 36.16
948.34 249.66 748.01 715.40 925.57
815.44 37.75 818.86 229.65 619.13
899.15 349.47 357.89 640.58 611.04
768.27 362.74 995.96 647.86 287.86
741.49 341.75 979.76 170.43 572.15
595.16 235.27 719.58 870.62 764.01
928.00 541.79 232.35 906.00 234.59
125.25 948.93 269.44 643.80 522.45
360.45 622.64 596.32 423.39 161.00
459.75 565.18 977.44 345.13 485.39
19.07 992.61 860.96 665.72 194.96
500.34 264.51 286.04 351.05 384.98
809.68 127.37 261.84 863.07 62.86
44.90 199.68 351.08 326.37 915.44
703.00 799.57 393.87 931.67 397.57
537.50 788.48 124.38 620.79 603.05
877.56 146.01 837.63 813.76 314.30
972.23 240.13 466.59 224.94 483.34
965.94 386.74 525.51 717.14 115.38
810.49 615.18 891.72 346.39 642.21
268.31 887.82 561.63 737.95 583.70
327.38 880.10 266.04 830.73 505.63
54.97 553.45 597.54 212.90 316.36
972.16 406.57 357.77 547.37 653.30
516.97 161.52 305.44 210.69 870.88
663.33 525.38 757.44 646.86 426.81
488.54 236.15 216.31 646.97 379.54
237.48 103.21 870.57 670.57 295.84
470.20 187.27 359.38 342.93 614.59
324.21 946.25 311.72 879.56 554.45
314.07 36.72 71.65 502.10 168.52
703.66 88.12 401.45 789.20 582.91
3.32 818.49 463.78 232.22 593.83
418.45 46.64 47.60 399.88 934.74
794.38 55.90 373.91 876.18 575.21
785.21 803.59 681.98 247.84 468.20
45.79 811.97 234.75 454.80 746.46
111.33 435.97 387.75 458.70 251.78
241.86 781.20 55.71 728.41 635.48
580.51 718.38 254.40 229.08 982.01
525.28 354.29 977.06 800.07 726.66
164.17 849.17 432.37 453.62 558.40
11.74 174.65 813.62 242.12 476.73
89.12 998.57 707.82 431.30 669.86
273.27 509.32 47.82 217.23 48.98
754.06 178.93 855.34 850.42 380.19
528.03 825.91 939.27 805.87 65.90
176.54 201.37 573.05 371.42 221.27
356.12 107.89 851.20 536.09 581.00
331.96 223.88 597.20 77.78 776.56
799.62 699.97 847.61 906.60 805.54
404.84 889.15 812.70 70.07 813.97
952.76 394.70 623.52 507.90 912.32
583.19 119.96 35.84 550.02 556.29
43.80 223.52 118.18 343.93 520.29
611.53 150.79 507.59 778.09 965.74
610.89 961.16 698.80 321.95 247.39
109.91 430.91 564.09 52.70 317.71
879.57 81.10 239.76 954.97 133.17
580.54 19.72 41.65 883.25 42.20
426.55 535.86 180.02 546.00 844.73
552.20 397.43 456.23 206.58 798.58
978.28 176.98 574.46 64.72 265.42
673.37 267.64 403.90 734.09 736.32
511.65 525.49 119.10 663.52 711.92
584.92 935.98 176.77 412.64 225.98
643.35 652.50 850.41 875.13 518.11
248.60 278.75 326.96 912.35 314.63
840.43 458.44 203.27 479.14 53.64
642.20 571.29 580.78 352.01 68.38
153.67 885.98 926.97 850.59 258.22
31.48 128.79 542.96 717.08 630.02
848.25 449.13 948.24 416.01 904.49
356.26 267.77 973.33 622.14 78.57
720.76 832.84 603.05 868.16 978.91
620.26 170.29 631.83 797.13 983.02
618.93 993.66 449.29 782.51 158.84
498.80 492.08 539.77 95.37 94.75
892.94 91.18 711.46 487.87 633.26
916.22 411.53 363.11 714.91 207.93
106.29 503.91 244.67 942.89 712.55
296.46 532.88 531.16 592.80 49.62
538.15 394.88 244.85 399.36 888.43
84.11 993.34 292.71 585.32 399.82
342.48 93.72 226.69 232.32 106.73
201.53 805.20 249.35 868.18 283.04
582.96 745.70 385.41 840.16 538.98
647.48 46.95 45.96 347.61 886.87
411.07 954.87 968.61 763.02 388.87
667.96 791.96 423.28 155.34 874.24
191.17 101.86 8.88 778.08 967.60
294.23 862.08 75.69 104.89 72.28
597.16 573.00 570.82 749.53 776.12
652.77 459.63 948.83 827.24 709.20
518.68 94.27 560.60 242.35 30.94
932.63 500.36 0.50 814.90 68.40
371.79 747.02 68.55 294.65 84.60
201.68 672.05 141.33 23.84 904.75
458.43 723.76 930.66 837.28 375.33
833.20 429.59 591.67 668.19 820.72
725.94 98.62 492.83 709.09 427.00
768.51 269.50 175.37 558.43 190.91
255.64 688.62 299.52 960.65 5.61
595.82 859.21 212.01 858.88 384.34
179.41 651.13 483.19 899.36 8.77
890.67 590.25 391.58 530.05 324.10
818.48 618.49 692.88 952.50 733.95
622.99 552.05 205.17 381.27 390.12
539.47 156.78 949.17 731.31 743.21
846.70 461.18 292.33 670.63 677.85
370.05 407.94 711.06 741.58 469.17
479.59 702.88 884.06 1.47 48.90
396.97 109.79 552.85 903.23 747.95
921.74 560.76 850.62 381.58 498.52
243.76 520.16 905.70 281.31 59.41
192.16 244.13 446.04 717.25 579.60
319.60 234.25 613.71 666.58 165.47
668.83 922.85 982.03 538.79 702.98
364.13 669.22 904.93 241.18 325.29
99.32 430.83 975.87 605.32 562.73
121.71 909.78 206.32 167.53 477.90
601.10 105.77 999.62 385.30 619.45
19.40 506.95 558.30 864.73 184.42
174.67 539.13 831.23 75.43 581.12
245.51 961.99 547.58 237.40 405.22
932.69 920.36 493.87 728.29 186.26
623.93 918.08 863.50 640.87 999.62
643.25 128.72 36.22 149.38 425.95
907.11 654.14 840.49 459.53 387.64
45.68 58.00 344.10 349.66 865.97
527.72 316.00 549.90 613.68 832.52
311.41 441.86 21.50 243.00 716.58
131.12 438.46 124.83 264.08 548.96
294.74 719.40 937.18 595.54 130.86
132.03 72.37 210.91 815.47 894.46
233.71 429.04 178.71 7.97 344.56
258.09 277.82 636.96 258.79 289.21
24.99 306.56 589.91 617.11 33.84
280.60 526.96 170.31 38.69 503.97
224.67 824.48 701.52 188.82 593.60
77.01 663.34 68.76 250.07 657.95
352.63 423.23 114.29 420.42 140.62
104.96 537.60 205.49 965.38 96.89
302.87 324.45 583.29 627.20 628.01
436.50 19.34 348.64 443.53 598.12
862.89 176.74 788.46 724.02 466.82
417.77 407.30 961.41 7.60 543.97
315.62 182.54 53.88 718.04 409.17
454.65 473.54 716.47 759.44 372.13
229.95 669.58 843.61 188.51 369.02
730.48 606.77 164.07 208.05 194.34
363.22 742.56 357.44 101.58 0.22
275.80 947.43 919.30 254.18 785.83
332.86 880.35 728.87 706.45 132.54
943.93 637.41 795.50 805.67 164.52
911.34 771.31 627.69 513.83 31.58
965.15 854.81 326.13 109.02 189.79
203.99 822.79 52.90 186.55 272.74
922.39 478.20 101.63 161.18 343.87
